0 0.4859375 0.2546875 0.27187500000000003 0.178125
0 0.7640625000000001 0.2 0.30312500000000003 0.20625000000000002
0 0.5203125000000001 0.6937500000000001 0.309375 0.19375
0 0.7796875000000001 0.8984375 0.359375 0.19687500000000002
0 0.140625 0.9046875000000001 0.17500000000000002 0.109375
0 0.17500000000000002 0.790625 0.15625 0.1125
0 0.14375000000000002 0.6000000000000001 0.1625 0.1
0 0.09531250000000001 0.15000000000000002 0.146875 0.1125
0 0.240625 0.1625 0.14375000000000002 0.11875000000000001
0 0.284375 0.47187500000000004 0.15000000000000002 0.09375
