0 0.484375 0.25841346153846156 0.2764423076923077 0.18509615384615385
0 0.764423076923077 0.20072115384615385 0.3076923076923077 0.2043269230769231
0 0.5252403846153847 0.6959134615384616 0.3245192307692308 0.2043269230769231
0 0.780048076923077 0.8942307692307693 0.3774038461538462 0.20192307692307693
0 0.1466346153846154 0.5949519230769231 0.16346153846153846 0.09855769230769232
0 0.09735576923076923 0.14783653846153846 0.16586538461538464 0.10336538461538462
0 0.24399038461538464 0.1622596153846154 0.1514423076923077 0.12740384615384617
0 0.17668269230769232 0.7920673076923077 0.16586538461538464 0.09855769230769232
0 0.14302884615384617 0.9026442307692308 0.17067307692307693 0.12259615384615385
0 0.28605769230769235 0.46875 0.15865384615384617 0.10096153846153846
